第3章
嵌入式硬件设计
121
不同类型元器件在布局时的距离示意图如图3-12所示
过波峰方向
图 3-12
不同类型元器件的距离示意图
不同类型元器件的封装尺寸与距离关系见表3-3（单位：
mm.
表3-3
不同类型元器件的封装尺寸与距离关系示意表
钼电容
钼电容
封装
元器件
≥1206
0805
0603
1206
通孔
SOT
SOIC
32163528
60327343
0603
1.27
1.52
1.27
1.27
1.52
2.54
2.54
1.27
1.27
1.27
1.52
1.27
1.52
2.54
2.54
0805
1.27
1.27
1.27
1.52
1.52
2.54
2.54
1.27
1206
1.27
≥1206
1.27
1.27
1.27
1.52
1.52
2.54
2.54
1.27
SOT封装
1.52
1.52
1.52
1.52
1.52
2.54
2.54
1.27
钼电容
1.52
1.52
1.52
1.52
1.52
2.54
2.54
1.27
32163528
铂电容
2.54
2.54
2.54
2.54
2.54
2.54
2.54
1.27
60327343
2.54
2.54
2.54
2.54
2.54
2.54
2.54
SOIC
1.27
通孔
1.27
1.27
1.27
1.27
1.27
1.27
1.27
1.27
PCB 布线
在放置完封装之后，可以使用CAD
自动布线或者手动布线。对于自动布线则需要将
自动布线失败或者不满足需求的地方手工重新布线，
布线的优先次序一般是：电源、模拟小信号、高速信号、时钟信号和同步信号等，
关键信号优先布线
应遵循密度优先原则，即从单板上连接关系最复杂的元器件着手布线。从单板上连
线最密集的区域开始布线。
自动布线在布线质量满足设计要求的情况下，可使用自动布线器以提高工作效率